#! FIELDS coord hh2 dhh2_coord
#! SET normalisation    1.0098540211355076e+05
#! SET min_coord 2.5
#! SET max_coord 7.5
#! SET nbins_coord  100
#! SET periodic_coord false
   2.5000000000000000e+00   0.0000000000000000e+00   0.0000000000000000e+00
   2.5499999999999998e+00   0.0000000000000000e+00   0.0000000000000000e+00
   2.6000000000000001e+00   0.0000000000000000e+00   0.0000000000000000e+00
   2.6499999999999999e+00   0.0000000000000000e+00   0.0000000000000000e+00
   2.7000000000000002e+00   0.0000000000000000e+00   0.0000000000000000e+00
   2.7500000000000000e+00   0.0000000000000000e+00   0.0000000000000000e+00
   2.7999999999999998e+00   2.6345431112161599e-14   6.7529926298248369e-12
   2.8500000000000001e+00   4.2652045950258354e-10   5.6076394138294280e-08
   2.8999999999999999e+00   7.4141213391354163e-08   1.0890837560899345e-05
   2.9500000000000002e+00   1.9257306923690238e-05   1.0141071907978773e-03
   3.0000000000000000e+00   1.4825383967338819e-05  -5.3001859226924628e-04
   3.0499999999999998e+00   1.5971439285945946e-04   7.9455002327764590e-03
   3.1000000000000001e+00   5.9202146545066887e-04   5.1828085354367935e-03
   3.1499999999999999e+00   6.1137905941878684e-04   7.0640161127628854e-04
   3.2000000000000002e+00   7.1873857964845512e-04   7.0712717632905875e-03
   3.2500000000000000e+00   1.1370513380682061e-03   3.6459956094454112e-03
   3.2999999999999998e+00   1.1686845630923550e-03  -9.4650314260979924e-03
   3.3500000000000001e+00   9.5866803037247426e-04   1.6965893477781380e-03
   3.3999999999999999e+00   7.8523070886526319e-04  -3.0124396904622945e-03
   3.4500000000000002e+00   1.0034865371645061e-03   1.0539353200271478e-03
   3.5000000000000000e+00   7.6927774355572628e-04   3.2423634627857497e-03
   3.5499999999999998e+00   8.2850572406083819e-04   2.3867368484126500e-03
   3.6000000000000001e+00   1.0599974042400607e-03  -4.5589056647291851e-03
   3.6500000000000004e+00   7.8002722152308956e-04  -4.7463805126271730e-03
   3.7000000000000002e+00   8.4700640036307947e-04   7.7161285451426004e-03
   3.7500000000000000e+00   1.0432717045060446e-03  -1.5699864121640247e-05
   3.7999999999999998e+00   1.2025341226558552e-03   1.2469093728230769e-03
   3.8500000000000001e+00   1.8081303280106853e-03   3.6364558825960937e-02
   3.9000000000000004e+00   2.5300270120531491e-03  -5.9974256920806957e-04
   3.9500000000000002e+00   4.1371314756979694e-03   5.0805589196875403e-02
   4.0000000000000000e+00   6.7787486373774341e-03   7.5313638709678735e-02
   4.0499999999999998e+00   1.6578389192088760e-02   4.6706192393922535e-01
   4.0999999999999996e+00   2.3876249389771197e-02  -4.7045065630245886e-01
   4.1500000000000004e+00   1.4705115792096431e-02  -1.7084653280358471e-02
   4.2000000000000002e+00   1.3599567161507705e-02  -2.2818108002550415e-02
   4.2500000000000000e+00   1.4292140990149608e-02   3.7048015379585138e-02
   4.2999999999999998e+00   1.4374066682787961e-02  -3.1721971812708138e-02
   4.3499999999999996e+00   1.2205587301278669e-02  -1.5916203188957478e-02
   4.4000000000000004e+00   1.5034408699141343e-02   1.5869920574805706e-02
   4.4500000000000002e+00   1.2904326111685835e-02  -5.3635907110921336e-03
   4.5000000000000000e+00   1.2094679281835000e-02  -5.6354375095005002e-02
   4.5500000000000007e+00   9.7616537060758405e-03   5.5005235685476050e-02
   4.5999999999999996e+00   1.2782091895143458e-02  -6.3715200560062024e-02
   4.6500000000000004e+00   1.2518944318610765e-02   1.0073795430003016e-01
   4.7000000000000002e+00   2.0365803074999772e-02   3.9777079751033806e-01
   4.7500000000000000e+00   3.6534587443942668e-02  -2.7701958606482008e-01
   4.8000000000000007e+00   4.3111765857245743e-02   7.2573028024175679e-01
   4.8499999999999996e+00   4.9772045772579293e-02   8.9324598351260065e-01
   4.9000000000000004e+00   7.8994406885711077e-02   1.0237708571686904e-01
   4.9500000000000002e+00   1.7186482388965746e-01   3.1394561487936365e+00
   5.0000000000000000e+00   2.5665584730978963e-01   2.4836614359215328e+00
   5.0500000000000007e+00   3.6936311574774910e-01   1.0040117389333085e+00
   5.0999999999999996e+00   4.5457959610264825e-01   2.0450174565540622e+00
   5.1500000000000004e+00   4.6490463122150538e-01  -1.1063945165346525e+00
   5.2000000000000002e+00   8.4278222000873948e-01   1.7789870729281692e+01
   5.2500000000000000e+00   5.2274123934669969e-01  -1.5411762657132579e+01
   5.3000000000000007e+00   3.5588460550724116e-01   1.4473766226340161e+00
   5.3499999999999996e+00   2.9590946901777743e-01  -1.3783439027662177e+00
   5.4000000000000004e+00   3.6172801194735371e-01   7.3572673434358060e-01
   5.4500000000000002e+00   2.4975460431188173e-01  -1.1961659656349695e+00
   5.5000000000000000e+00   2.4624380055611195e-01   2.8618932099219039e-02
   5.5500000000000007e+00   2.4711653519330956e-01   7.7030673635014785e-02
   5.5999999999999996e+00   2.5865102357841580e-01   5.0313101928226334e-01
   5.6500000000000004e+00   2.7442498030815132e-01  -1.0757079263043843e+00
   5.7000000000000002e+00   3.4463002668895681e-01   4.9624163714028482e+00
   5.7500000000000000e+00   4.7946896981782211e-01  -7.3882120061172696e-01
   5.8000000000000007e+00   4.6323191134085739e-01   1.3879120818366394e-01
   5.8499999999999996e+00   5.8893080009561416e-01   4.0431994333281587e+00
   5.9000000000000004e+00   8.2760691388838792e-01   3.3787539194395944e+00
   5.9500000000000002e+00   2.9894679846774497e+00   1.3039715776314927e+02
   6.0000000000000000e+00   3.1092916763481084e+00  -1.2815318779866143e+02
   6.0500000000000007e+00   1.0747473491418791e+00  -8.9483610922472767e-01
   6.0999999999999996e+00   9.7065475771942622e-01  -6.5593128015162101e+00
   6.1500000000000004e+00   7.6384656038781629e-01  -3.7142424332032542e+00
   6.2000000000000002e+00   5.1458483047757331e-01  -2.6609690351647304e+00
   6.2500000000000000e+00   4.0754377579285395e-01  -2.5291487834716109e+00
   6.3000000000000007e+00   2.9129492419506364e-01  -1.8478050671855186e+00
   6.3499999999999996e+00   2.3221465993897203e-01  -8.3648564016713722e-01
   6.4000000000000004e+00   1.8614604926529041e-01  -1.3348473787238848e+00
   6.4500000000000002e+00   1.1686717476219824e-01  -2.9426022332955493e-01
   6.5000000000000000e+00   8.3986428234030075e-02  -1.3752083744268186e+00
   6.5499999999999998e+00   6.8029144771676320e-02   4.8472623511226498e-01
   6.6000000000000005e+00   6.6415772119910205e-02  -4.1977939565292444e-01
   6.6500000000000004e+00   4.1034226847377966e-02  -1.4074853979471583e-01
   6.7000000000000002e+00   2.6595189930385378e-02  -3.9753132297114258e-01
   6.7500000000000000e+00   2.6563507330681291e-02   3.3347064746793131e-01
   6.7999999999999998e+00   2.0008670897476495e-02  -4.8686325368451028e-01
   6.8500000000000005e+00   1.0096962302481839e-02  -2.4638936856131336e-02
   6.9000000000000004e+00   9.6169446714678228e-03  -3.4207427898637427e-02
   6.9500000000000002e+00   6.6215745823887100e-03  -1.2019134204503945e-01
   7.0000000000000000e+00   1.4702618322875146e-03  -4.4479993178025132e-02
   7.0499999999999998e+00   1.0121486514047871e-03   1.8261548236365270e-02
   7.1000000000000005e+00   1.7388959757294153e-03   7.1463934688435664e-03
   7.1500000000000004e+00   2.1527913488647555e-03   5.8500210212651983e-03
   7.2000000000000002e+00   1.0215358842193098e-03   1.1224247501866959e-02
   7.2500000000000000e+00   7.0538026537686721e-04  -3.9625349192652683e-02
   7.3000000000000007e+00   3.5689268562871184e-05   2.7801933849739462e-03
   7.3500000000000005e+00   3.1977445705962853e-04   3.1767613781255900e-03
   7.4000000000000004e+00   3.1616743745648831e-04   4.9521764766463951e-03
   7.4500000000000002e+00   2.0505882719286684e-04  -1.2803620418953427e-02
   7.5000000000000000e+00   3.9885987832199470e-07  -7.4719418155754787e-05
