#! FIELDS distance hh2 dhh2_distance
#! SET normalisation    1.0098540211355076e+05
#! SET min_distance 0.2
#! SET max_distance 0.8
#! SET nbins_distance  100
#! SET periodic_distance false
   2.0000000000000001e-01   2.3714156628610370e-20   8.6189974464543841e-17
   2.0600000000000002e-01   8.4306134677127579e-13   1.8251155070724251e-09
   2.1200000000000002e-01   5.1322634023938810e-09   4.0940766045896033e-06
   2.1800000000000003e-01   5.4753650751702576e-07   4.0762293868642645e-04
   2.2400000000000000e-01   2.3885809252412398e-05   1.2410332934587860e-02
   2.3000000000000001e-01   4.5470766906620120e-04   2.0117496864678430e-01
   2.3600000000000002e-01   4.2024367048504709e-03   1.3124770027713535e+00
   2.4200000000000002e-01   2.0926226864984722e-02   4.9717320205521069e+00
   2.4800000000000003e-01   6.3687694394303940e-02   1.0305423263589374e+01
   2.5400000000000000e-01   1.4462856742806790e-01   1.8397201640677292e+01
   2.6000000000000001e-01   2.4290260711990203e-01   1.5121256328144524e+01
   2.6600000000000001e-01   2.9793780267350772e-01  -2.7198697307058590e+00
   2.7200000000000002e-01   2.8265096490702818e-01   9.8782936036210867e+00
   2.7800000000000002e-01   2.7237193545535499e-01  -1.3482577833162020e+01
   2.8400000000000003e-01   2.2433142148467961e-01  -5.5307201711906249e+00
   2.9000000000000004e-01   1.8245458925475549e-01  -7.3962736530713178e+00
   2.9600000000000004e-01   1.5977505526375102e-01  -8.7925573343807049e+00
   3.0200000000000005e-01   1.0476368106687207e-01  -3.9641267966642264e+00
   3.0800000000000005e-01   8.3098737102861781e-02  -4.4391840363844368e+00
   3.1400000000000006e-01   5.7956595893033674e-02  -2.5014275084714819e+00
   3.2000000000000006e-01   4.8245382893370235e-02  -1.7376044665815535e+00
   3.2600000000000007e-01   3.6191216446634165e-02  -8.1522349794113358e-01
   3.3200000000000007e-01   2.8241622727420233e-02  -1.1933868785749373e+00
   3.3800000000000002e-01   2.5054425847547645e-02  -5.3331944655055019e-01
   3.4400000000000003e-01   2.3387333074674374e-02  -2.2716033481060635e-01
   3.5000000000000003e-01   2.1876227191641912e-02  -2.4690391676584204e-02
   3.5600000000000004e-01   2.0699445046458674e-02  -8.1261036158233879e-02
   3.6200000000000004e-01   1.8391212739197298e-02   1.6751125701235453e-01
   3.6800000000000005e-01   2.1772260689289627e-02   5.7045249580475266e-01
   3.7400000000000000e-01   2.5570678845695125e-02   1.0791731347848059e+00
   3.8000000000000000e-01   2.6714889187367492e-02  -1.9549494031641490e-01
   3.8600000000000001e-01   3.2663267873749811e-02   1.6099127540429281e+00
   3.9200000000000002e-01   4.1453989843920770e-02   7.8696043125419601e-01
   3.9800000000000002e-01   4.9361493606424625e-02   3.2757137526777864e+00
   4.0400000000000003e-01   7.0628089894543014e-02   4.0908432048473564e+00
   4.1000000000000003e-01   1.0301759862629316e-01   3.9651597930134854e+00
   4.1600000000000004e-01   1.5553868285124361e-01   1.4004769428215607e+01
   4.2200000000000004e-01   2.2668999846359056e-01   7.5251777083126079e+00
   4.2800000000000005e-01   2.8406520645202110e-01   1.7309159366071963e+01
   4.3400000000000005e-01   3.8937510021512106e-01   2.6104107273410900e+01
   4.4000000000000006e-01   5.3245551468210039e-01   1.8964189169646030e+01
   4.4600000000000006e-01   7.1498652988979505e-01   2.1341079114092544e+01
   4.5200000000000007e-01   8.7129070416076826e-01   3.6683493026429360e+01
   4.5800000000000007e-01   1.0409976554827409e+00   2.4206724460793751e+01
   4.6400000000000008e-01   1.3226715879644255e+00   7.3779089594969463e+01
   4.7000000000000003e-01   1.6173331052317439e+00   2.2885574299115511e+01
   4.7600000000000003e-01   1.8799290551635139e+00   2.3198684241067486e+01
   4.8200000000000004e-01   1.9945091694489270e+00   5.4176455550905523e+01
   4.8800000000000004e-01   2.1208429704876437e+00   7.1005652516572217e+00
   4.9400000000000005e-01   2.2871139619409977e+00   3.6237852285023095e+01
   5.0000000000000000e-01   2.5805755208016912e+00   6.0363195624747256e+01
   5.0600000000000001e-01   2.7360492575058202e+00  -1.0595505492644604e+01
   5.1200000000000001e-01   2.7441945649131498e+00   8.4702034770021868e+00
   5.1800000000000002e-01   3.0323130919228469e+00   3.3707330979951784e+01
   5.2400000000000002e-01   3.0351856941797659e+00   1.1879702309005527e+01
   5.3000000000000003e-01   3.1652470757108784e+00   1.7031580481362887e+01
   5.3600000000000003e-01   3.0186888737636273e+00  -5.7384549218448164e+01
   5.4200000000000004e-01   2.9351337979048013e+00  -3.5339871460961447e+01
   5.4800000000000004e-01   2.7854416814064269e+00  -6.5205300570098075e+01
   5.5400000000000005e-01   2.5682091813281507e+00  -8.5016696661507911e+00
   5.6000000000000005e-01   2.4475781639199758e+00  -4.2880447650898162e+01
   5.6600000000000006e-01   2.2565053762134735e+00  -4.4992915678612420e+01
   5.7200000000000006e-01   2.0150034432092809e+00  -3.1407610764493146e+01
   5.7800000000000007e-01   1.7374185261711381e+00  -4.1315447324537928e+01
   5.8400000000000007e-01   1.5234841031732034e+00  -2.1756345028951603e+01
   5.9000000000000008e-01   1.3827655341241347e+00   1.3967155123170595e+01
   5.9600000000000009e-01   1.4522314885336862e+00  -2.2177535478221756e+01
   6.0200000000000009e-01   1.3330150291709222e+00   1.1956087070783814e+01
   6.0800000000000010e-01   1.2805335950248571e+00  -2.7452922429886758e+01
   6.1400000000000010e-01   1.3740206849210472e+00   4.4235689569409313e+00
   6.2000000000000011e-01   1.3290019995297093e+00   2.1278063722655979e+01
   6.2600000000000011e-01   1.3674597850017707e+00   2.9748806726648372e+01
   6.3200000000000012e-01   1.5288582426888735e+00  -5.9021124868885213e+00
   6.3800000000000012e-01   1.5352570562430121e+00  -7.3807889781437765e+00
   6.4400000000000013e-01   1.6547879484038142e+00  -1.0022963802581964e+01
   6.5000000000000013e-01   1.6120388632921405e+00   3.9301344065665106e+01
   6.5600000000000014e-01   1.7954240949868863e+00  -1.7399272194127267e+01
   6.6200000000000014e-01   1.9125553300921174e+00   4.4742054545987692e+01
   6.6800000000000015e-01   1.9975008597257731e+00   1.8272594032954149e+01
   6.7400000000000015e-01   2.1383497474896416e+00   1.6897797835119562e+01
   6.8000000000000016e-01   2.4265813065568107e+00   6.7167437785496105e+01
   6.8600000000000017e-01   2.7200442387052557e+00   5.8750560070149625e+01
   6.9200000000000017e-01   2.5719608104271452e+00  -5.3665806131621771e+01
   6.9800000000000018e-01   2.3798534182897950e+00  -5.3551716041122583e+00
   7.0400000000000018e-01   2.6929230652501279e+00  -5.4396213113141414e+01
   7.1000000000000019e-01   2.7365929193572986e+00   3.1470194795585698e+01
   7.1600000000000019e-01   3.0749705350660697e+00  -6.7744024740597823e+01
   7.2200000000000020e-01   2.5762269678420751e+00   7.6908849402994548e+01
   7.2800000000000020e-01   3.0570378951843997e+00  -6.0346907808748270e+01
   7.3400000000000021e-01   2.7722405673545718e+00   1.1900206348923321e+02
   7.3999999999999999e-01   3.5511824873903155e+00   1.1602799903935043e+02
   7.4600000000000000e-01   4.0362139662316450e+00  -1.8935208499041630e+02
   7.5200000000000000e-01   2.5890145183912097e+00   4.2165357092709392e+01
   7.5800000000000001e-01   2.2135105609349872e+00  -4.0949969280319448e+02
   7.6400000000000001e-01   1.1091526899097939e+00  -2.0791337220476575e+02
   7.7000000000000002e-01   2.0076691719493853e+00   5.6612797345373838e+02
   7.7600000000000002e-01   3.5583435955744591e+01   1.2296149181227265e+04
   7.8200000000000003e-01   9.1118162641598062e+00  -5.2697540277982471e+03
   7.8800000000000003e-01   1.4528814308162953e-02  -2.5404395418176126e+01
   7.9400000000000004e-01   0.0000000000000000e+00   0.0000000000000000e+00
   8.0000000000000004e-01   0.0000000000000000e+00   0.0000000000000000e+00
