#! FIELDS distance hh1 dhh1_distance
#! SET normalisation    4.0676189528282885e+04
#! SET min_distance 0.2
#! SET max_distance 0.8
#! SET nbins_distance  100
#! SET periodic_distance false
   2.0000000000000001e-01   5.8874335838631283e-20   2.1398093898167707e-16
   2.0600000000000002e-01   2.0930399355842252e-12   4.5311526355543180e-09
   2.1200000000000002e-01   1.2741697033421341e-08   1.0164225729912287e-05
   2.1800000000000003e-01   1.3593503969935460e-06   1.0119917045163234e-03
   2.2400000000000000e-01   5.9300492011063339e-05   3.0810714481772725e-02
   2.3000000000000001e-01   1.1288873745864889e-03   4.9945030101333815e-01
   2.3600000000000002e-01   1.0433247691526948e-02   3.2584423326451182e+00
   2.4200000000000002e-01   5.1952836762413419e-02   1.2343151192841475e+01
   2.4800000000000003e-01   1.5811528814963749e-01   2.5584926324042669e+01
   2.5400000000000000e-01   3.5906446027042060e-01   4.5674111242796641e+01
   2.6000000000000001e-01   6.0304609991497016e-01   3.7541032443512933e+01
   2.6600000000000001e-01   7.3968012138628736e-01  -6.7525287308641637e+00
   2.7200000000000002e-01   7.0172800549747838e-01   2.4524505941338681e+01
   2.7800000000000002e-01   6.7620860619896539e-01  -3.3472740681926631e+01
   2.8400000000000003e-01   5.5694004448432766e-01  -1.3730932197492619e+01
   2.9000000000000004e-01   4.5297384728092133e-01  -1.8362478827519578e+01
   2.9600000000000004e-01   3.9666813412563567e-01  -2.1828985170833143e+01
   3.0200000000000005e-01   2.6009325313222059e-01  -9.8416037301598731e+00
   3.0800000000000005e-01   2.0630642837441290e-01  -1.1021012296607374e+01
   3.1400000000000006e-01   1.4388688343879985e-01  -6.2102096024812594e+00
   3.2000000000000006e-01   1.1977718287062193e-01  -4.3138919305612626e+00
   3.2600000000000007e-01   8.9850710900554395e-02  -2.0239278483732672e+00
   3.3200000000000007e-01   7.0114523030351344e-02  -2.9627813029568371e+00
   3.3800000000000002e-01   6.2201776967812900e-02  -1.3240541798399179e+00
   3.4400000000000003e-01   5.8062942038052741e-02  -5.6396329206666218e-01
   3.5000000000000003e-01   5.4311370492048414e-02  -6.1298001624936829e-02
   3.5600000000000004e-01   5.1389813199943998e-02  -2.0174403029804777e-01
   3.6200000000000004e-01   4.5659242799336489e-02   4.1587454095661641e-01
   3.6800000000000005e-01   5.4053256367590306e-02   1.4162431472462811e+00
   3.7400000000000000e-01   6.3483460852533716e-02   2.6792266982286650e+00
   3.8000000000000000e-01   6.6324153228006208e-02  -4.8534868649116469e-01
   3.8600000000000001e-01   8.1091992116904987e-02   3.9968760279700208e+00
   3.9200000000000002e-01   1.0291642069099455e-01   1.9537600871487810e+00
   3.9800000000000002e-01   1.2254811324704448e-01   8.1325039134514796e+00
   4.0400000000000003e-01   1.7534597368205168e-01   1.0156198277563595e+01
   4.1000000000000003e-01   2.5575831322191589e-01   9.8441683153120589e+00
   4.1600000000000004e-01   3.8615063539871219e-01   3.4769168120640778e+01
   4.2200000000000004e-01   5.6279560390110817e-01   1.8682504572398113e+01
   4.2800000000000005e-01   7.0523909522252504e-01   4.2972865430644973e+01
   4.3400000000000005e-01   9.6668841217015644e-01   6.4807785596232264e+01
   4.4000000000000006e-01   1.3219093253649565e+00   4.7081752033890510e+01
   4.4600000000000006e-01   1.7750729127783480e+00   5.2982776431780302e+01
   4.5200000000000007e-01   2.1631240078743019e+00   9.1072869341111740e+01
   4.5800000000000007e-01   2.5844497249451668e+00   6.0097217361657236e+01
   4.6400000000000008e-01   3.2837520850344712e+00   1.8316885422955207e+02
   4.7000000000000003e-01   4.0152982832824380e+00   5.6817242470285152e+01
   4.7600000000000003e-01   4.6672363803554440e+00   5.7594589949497419e+01
   4.8200000000000004e-01   4.9517005607399796e+00   1.3450205666612399e+02
   4.8800000000000004e-01   5.2653452223068484e+00   1.7628333565353515e+01
   4.9400000000000005e-01   5.6781405978437016e+00   8.9966492121637899e+01
   5.0000000000000000e-01   6.4067076998779422e+00   1.4986166732224288e+02
   5.0600000000000001e-01   6.7926970956704338e+00  -2.6305103678088305e+01
   5.1200000000000001e-01   6.8129191753049012e+00   2.1028688134956933e+01
   5.1800000000000002e-01   7.5282213125959911e+00   8.3684052332831016e+01
   5.2400000000000002e-01   7.5353530252119327e+00   2.9493335746949551e+01
   5.3000000000000003e-01   7.8582520249874852e+00   4.2283729707371627e+01
   5.3600000000000003e-01   7.4943969262597321e+00  -1.4246668247772973e+02
   5.4200000000000004e-01   7.2869575610663739e+00  -8.7737105454406688e+01
   5.4800000000000004e-01   6.9153219985143330e+00  -1.6188299775296741e+02
   5.5400000000000005e-01   6.3760062064762595e+00  -2.1106808180148072e+01
   5.6000000000000005e-01   6.0765196532468595e+00  -1.0645783931712874e+02
   5.6600000000000006e-01   5.6021496957049486e+00  -1.1170239235183256e+02
   5.7200000000000006e-01   5.0025810021165125e+00  -7.7974614615090204e+01
   5.7800000000000007e-01   4.3134303025835017e+00  -1.0257246585668116e+02
   5.8400000000000007e-01   3.7823025351372648e+00  -5.4013743095138359e+01
   5.9000000000000008e-01   3.4329452956006943e+00   3.4675783796613409e+01
   5.9600000000000009e-01   3.6053440492508178e+00  -5.5150608221380686e+01
   6.0200000000000009e-01   3.2886353577476997e+00   1.7905209915708451e+01
   6.0800000000000010e-01   3.0143504636987557e+00  -1.0480300582776761e+02
   6.1400000000000010e-01   2.9083900880811799e+00  -5.0621032565892008e+01
   6.2000000000000011e-01   2.3865129456200189e+00  -3.7565252458285286e+01
   6.2600000000000011e-01   1.9678055192477977e+00  -4.4426457694143885e+01
   6.3200000000000012e-01   1.6746861563926894e+00  -9.1701684826557013e+01
   6.3800000000000012e-01   1.2039444834807933e+00  -7.9200278416350415e+01
   6.4400000000000013e-01   8.7685833137019109e-01  -6.2086113150388940e+01
   6.5000000000000013e-01   5.4029555379562544e-01  -3.1190197045288183e+01
   6.5600000000000014e-01   3.6645467753099581e-01  -3.5467230476881902e+01
   6.6200000000000014e-01   2.1928231320764713e-01  -1.6350559027148925e+01
   6.6800000000000015e-01   1.2385491657255721e-01  -1.3091669403590670e+01
   6.7400000000000015e-01   6.7256630176283541e-02  -7.7442513780686371e+00
   6.8000000000000016e-01   3.6126664093049606e-02  -3.5719293309629117e+00
   6.8600000000000017e-01   1.8366984628298482e-02  -2.1509909035093000e+00
   6.9200000000000017e-01   7.6044605844492047e-03  -1.3067372664803762e+00
   6.9800000000000018e-01   2.8115109633957366e-03  -4.7124764149408688e-01
   7.0400000000000018e-01   1.2180705801224615e-03  -2.1127959707466210e-01
   7.1000000000000019e-01   4.3626598559867345e-04  -6.8874920944250143e-02
   7.1600000000000019e-01   1.6912919949151628e-04  -3.0184025778365292e-02
   7.2200000000000020e-01   4.4333035901635022e-05  -7.9566495559137349e-03
   7.2800000000000020e-01   1.6341127324201419e-05  -3.3135014661597206e-03
   7.3400000000000021e-01   4.0423674314256931e-06  -6.8920033358902755e-04
   7.3999999999999999e-01   1.3913859795099513e-06  -2.2217731891212904e-04
   7.4600000000000000e-01   4.2973906145025669e-07  -9.8140890710315663e-05
   7.5200000000000000e-01   6.6431112932589261e-08  -2.0043921981168252e-05
   7.5800000000000001e-01   1.5181834290146699e-08  -6.3776232384214586e-06
   7.6400000000000001e-01   1.6271668891175640e-09  -6.7408390522716385e-07
   7.7000000000000002e-01   3.5106720364636372e-10   2.8406084271834260e-08
   7.7600000000000002e-01   1.0024645286954745e-09   2.8917627038068987e-07
   7.8200000000000003e-01   1.4647734845462846e-10  -1.1731345884477678e-07
   7.8800000000000003e-01   1.4096918904522977e-13  -2.4712715325450684e-10
   7.9400000000000004e-01   0.0000000000000000e+00   0.0000000000000000e+00
   8.0000000000000004e-01   0.0000000000000000e+00   0.0000000000000000e+00
