0 9.906892913 7.386523674 -2.520369239
1 7.676914451 9.951914448 2.274999997
2 5.477071126 9.678436433 4.201365307
3 2.227622455 7.502359455 5.274737
4 4.043860294 7.696076204 3.65221591
5 2.764735934 8.101785311 5.337049377
6 4.858416533 9.093365202 4.234948669
7 3.49135803 7.958309368 4.466951338
8 4.70334125 8.564778669 3.861437419
9 5.022399292 9.091245284 4.068845992
10 4.961746557 9.57408398 4.612337423
11 3.966393128 8.453909176 4.487516048
12 2.601001063 7.6833484 5.082347337
13 3.856077857 8.629549179 4.773471322
14 4.593982831 9.118070655 4.524087824
15 5.146604215 8.812982165 3.66637795
16 5.867521775 9.409809858 3.542288083
17 5.670157776 9.518578142 3.848420366
18 6.585048679 9.946292909 3.36124423
19 7.419231612 10.385154009 2.965922397
20 7.23805486 10.427769769 3.189714909
21 7.28865937 10.405619573 3.116960203
22 6.491478096 10.410403119 3.918925023
23 5.469462488 9.879244826 4.409782338
24 5.08344221 9.766574996 4.683132786
25 5.585294856 10.285157689 4.699862833
26 6.196371777 10.376388906 4.180017129
27 6.081593721 9.644304671 3.56271095
28 6.425017704 9.867839898 3.442822194
29 6.217620822 9.821783322 3.6041625
30 4.926966419 9.111318434 4.184352015
31 5.079922039 9.230764298 4.150842259
32 5.591110651 9.248836091 3.65772544
33 4.599958796 9.143011239 4.543052443
34 4.932341969 9.411969186 4.479627217
35 4.775920244 9.165959178 4.390038934
36 4.606326882 9.114321735 4.507994853
37 5.10950773 9.465896573 4.356388843
38 5.345182803 9.719151512 4.373968709
39 5.866203225 10.123047106 4.256843881
40 5.806694765 9.762748809 3.956054044
41 5.205014195 9.762958005 4.55794381
42 5.416277618 9.823007501 4.406729883
43 5.098078745 9.54657522 4.448496475
44 5.13083742 9.531734405 4.400896985
45 4.738478399 9.20427541 4.465797011
46 5.070410514 9.515891563 4.445481049
47 5.23274142 9.562360865 4.329619445
48 5.443610171 9.709022166 4.265411995
49 5.604104955 9.740190821 4.136085866
50 5.753113788 9.698316978 3.94520319
51 5.625045736 9.724115248 4.099069512
52 5.880476369 9.9218501 4.041373731
53 5.512067416 9.748062662 4.235995246
54 5.847999314 10.097410446 4.249411132
55 6.056047476 10.108694568 4.052647092
56 5.963150196 10.16508594 4.201935744
57 5.883842347 10.057642866 4.173800519
58 5.316523541 9.796952962 4.480429421
59 5.361088095 9.807145279 4.446057184
60 4.988448292 9.395612129 4.407163837
61 4.96816276 9.338821047 4.370658287
62 5.11569217 9.440671379 4.324979209
63 5.387812534 9.698009182 4.310196648
64 5.459068829 9.640099088 4.181030259
65 5.671890579 9.706525862 4.034635283
66 5.753967652 9.701629715 3.947662063
67 5.761942796 9.740571617 3.978628821
68 5.671810282 9.617441122 3.94563084
69 5.518056951 9.487780916 3.969723965
